# 150/150 iterations complete ✅ (245956.59s)
# Results saved to /home/q56144107/yolo_tooth_numbering/runs/detect/tune2
# Best fitness=0.9201 observed at iteration 142
# Best fitness metrics are {'metrics/precision(B)': 0.90562, 'metrics/recall(B)': 0.90303, 'metrics/mAP50(B)': 0.95318, 'metrics/mAP50-95(B)': 0.9201, 'val/box_loss': 0.2833, 'val/cls_loss': 0.35698, 'val/dfl_loss': 0.54853, 'fitness': 0.9201}
# Best fitness model is /home/q56144107/yolo_tooth_numbering/runs/detect/train18
lr0: 0.00164
lrf: 0.01434
momentum: 0.89315
weight_decay: 0.00037
warmup_epochs: 3.28431
warmup_momentum: 0.95
box: 8.11349
cls: 0.56455
dfl: 1.02084
hsv_h: 0.0156
hsv_s: 0.9
hsv_v: 0.38141
degrees: 0.0
translate: 0.13264
scale: 0.40378
shear: 0.0
perspective: 0.0
flipud: 0.0
fliplr: 0.0
bgr: 0.0
mosaic: 0.81998
mixup: 0.0
cutmix: 0.0
copy_paste: 0.0
close_mosaic: 10
